Case #1: 5 13 11 9 4 4 
Case #2: 3 16 15 10 
Case #3: -1 
Case #4: 4 19 10 6 6 
Case #5: 5 18 8 7 4 4 
Case #6: 5 18 7 7 6 3 
Case #7: 6 14 6 6 6 6 3 
Case #8: 8 10 7 7 5 5 3 3 1 
Case #9: 6 13 12 5 5 4 2 
Case #10: 4 16 10 8 7 
Case #11: 4 22 8 6 5 
Case #12: 7 8 8 7 7 4 4 3 
Case #13: 6 16 6 6 5 5 3 
Case #14: 6 12 9 7 5 5 3 
Case #15: 4 16 16 6 3 
Case #16: -1 
Case #17: -1 
Case #18: 12 30 1 1 1 1 1 1 1 1 1 1 1 
Case #19: -1 
Case #20: 5 9 8 8 8 8 
Case #21: -1 
Case #22: 13 25 5 1 1 1 1 1 1 1 1 1 1 1 
Case #23: 5 16 13 7 4 1 
Case #24: 6 16 11 6 3 3 2 
Case #25: 8 9 6 6 6 4 4 3 3 
Case #26: 4 34 5 1 1 
Case #27: -1 
Case #28: -1 
Case #29: 3 30 6 5 
Case #30: 6 15 13 5 3 3 2 
Case #31: 5 14 11 6 6 4 
Case #32: 10 29 4 1 1 1 1 1 1 1 1 
Case #33: 10 6 6 6 5 3 3 3 3 3 3 
Case #34: 6 10 9 7 6 6 3 
Case #35: 5 16 8 8 7 2 
Case #36: 2 21 20 
Case #37: -1 
Case #38: 5 13 13 8 4 3 
Case #39: -1 
Case #40: 6 11 11 8 4 4 3 
Case #41: 18 23 2 1 1 1 1 1 1 1 1 1 1 1 1 1 1 1 1 
Case #42: 24 18 1 1 1 1 1 1 1 1 1 1 1 1 1 1 1 1 1 1 1 1 1 1 1 
Case #43: 6 20 5 4 4 4 4 
Case #44: 4 20 13 4 4 
Case #45: 2 40 1 
Case #46: -1 
Case #47: 4 18 17 5 1 
Case #48: -1 
Case #49: 5 18 8 7 5 3 
Case #50: 6 9 9 9 5 5 4 
Case #51: 6 14 7 6 6 4 4 
Case #52: 8 13 10 3 3 3 3 3 3 
Case #53: 5 13 12 7 6 3 
Case #54: 7 10 6 6 5 5 5 4 
Case #55: 4 24 14 2 1 
Case #56: 5 16 10 7 4 4 
Case #57: 6 11 8 8 5 5 4 
Case #58: 6 12 11 6 5 5 2 
Case #59: 7 9 8 6 6 4 4 4 
Case #60: 7 32 4 1 1 1 1 1 
Case #61: 19 20 4 1 1 1 1 1 1 1 1 1 1 1 1 1 1 1 1 1 
Case #62: 21 21 1 1 1 1 1 1 1 1 1 1 1 1 1 1 1 1 1 1 1 1 
Case #63: 4 18 10 7 6 
Case #64: 6 16 8 7 4 4 2 
Case #65: 5 12 9 9 6 5 
Case #66: 39 3 1 1 1 1 1 1 1 1 1 1 1 1 1 1 1 1 1 1 1 1 1 1 1 1 1 1 1 1 1 1 1 1 1 1 1 1 1 1 
Case #67: 7 12 6 6 6 5 3 3 
Case #68: 4 21 9 8 3 
Case #69: -1 
Case #70: 8 34 1 1 1 1 1 1 1 
Case #71: -1 
Case #72: 8 9 7 7 4 4 4 4 2 
Case #73: -1 
Case #74: 9 10 6 5 5 3 3 3 3 3 
Case #75: 5 16 10 7 5 3 
Case #76: 5 17 12 4 4 4 
Case #77: 3 21 14 6 
Case #78: 22 20 1 1 1 1 1 1 1 1 1 1 1 1 1 1 1 1 1 1 1 1 1 
Case #79: 4 21 10 5 5 
Case #80: -1 
Case #81: 4 18 15 5 3 
Case #82: 5 20 8 5 5 3 
Case #83: 6 16 10 5 5 4 1 
Case #84: -1 
Case #85: 6 16 5 5 5 5 5 
Case #86: 22 14 7 1 1 1 1 1 1 1 1 1 1 1 1 1 1 1 1 1 1 1 1 
Case #87: 7 25 5 3 3 3 1 1 
Case #88: -1 
Case #89: -1 
Case #90: 4 16 16 5 4 
Case #91: 5 18 9 8 3 3 
Case #92: 17 23 3 1 1 1 1 1 1 1 1 1 1 1 1 1 1 1 
Case #93: 5 18 13 4 3 3 
Case #94: 6 9 8 7 7 7 3 
Case #95: 7 10 8 6 5 4 4 4 
Case #96: 3 36 3 2 
Case #97: -1 
Case #98: -1 
Case #99: 7 35 1 1 1 1 1 1 
Case #100: 8 8 8 8 4 4 4 3 2 
Case #101: -1 
Case #102: 7 12 9 5 5 4 3 3 
Case #103: 7 8 8 7 6 4 4 4 
Case #104: 8 6 6 6 6 5 5 4 3 
Case #105: 5 12 10 7 7 5 
Case #106: 7 8 6 6 6 5 5 5 
Case #107: 5 12 10 8 6 5 
Case #108: -1 
Case #109: -1 
Case #110: 9 9 6 4 4 4 4 4 4 2 
Case #111: 6 12 9 8 4 4 4 
Case #112: 4 23 8 7 3 
Case #113: 3 30 9 2 
Case #114: 4 21 12 5 3 
Case #115: 5 10 9 8 8 6 
Case #116: 6 8 8 7 6 6 6 
Case #117: 8 32 3 1 1 1 1 1 1 
Case #118: 7 12 9 5 4 4 4 3 
Case #119: 10 31 2 1 1 1 1 1 1 1 1 
Case #120: 6 11 11 10 3 3 3 
Case #121: 6 8 8 8 8 5 4 
Case #122: 8 8 7 5 5 5 4 4 3 
Case #123: 6 27 3 3 3 3 2 
Case #124: -1 
Case #125: 13 29 1 1 1 1 1 1 1 1 1 1 1 1 
Case #126: 7 19 17 1 1 1 1 1 
Case #127: 6 8 8 8 7 6 4 
Case #128: -1 
Case #129: 6 12 7 7 6 5 4 
Case #130: -1 
Case #131: 6 8 8 8 7 7 3 
Case #132: 3 25 10 6 
Case #133: -1 
Case #134: 6 12 8 6 6 5 4 
Case #135: 5 17 9 7 4 4 
Case #136: -1 
Case #137: 6 13 11 7 5 3 2 
Case #138: 6 13 10 7 4 4 3 
Case #139: 8 31 4 1 1 1 1 1 1 
Case #140: 3 30 10 1 
Case #141: 19 21 3 1 1 1 1 1 1 1 1 1 1 1 1 1 1 1 1 1 
Case #142: 5 14 11 6 5 5 
Case #143: 4 14 10 10 7 
Case #144: 8 10 6 6 4 4 4 4 3 
Case #145: -1 
Case #146: 3 20 12 9 
Case #147: 6 11 9 6 6 6 3 
Case #148: -1 
Case #149: 7 10 7 6 6 4 4 4 
Case #150: 8 7 6 6 6 5 4 4 3 
Case #151: 29 13 1 1 1 1 1 1 1 1 1 1 1 1 1 1 1 1 1 1 1 1 1 1 1 1 1 1 1 1 
Case #152: 4 27 7 6 1 
Case #153: 6 10 10 7 7 5 2 
Case #154: 8 10 6 6 5 4 4 3 3 
Case #155: 16 21 6 1 1 1 1 1 1 1 1 1 1 1 1 1 1 
Case #156: 9 10 5 4 4 4 4 4 3 3 
Case #157: 8 10 5 5 5 5 4 4 3 
Case #158: 8 33 2 1 1 1 1 1 1 
Case #159: -1 
Case #160: 6 19 8 5 4 3 2 
Case #161: 5 16 10 5 5 5 
Case #162: 5 12 11 11 4 3 
Case #163: 5 16 8 7 6 4 
Case #164: 8 6 6 6 6 6 5 3 3 
Case #165: 4 21 15 4 1 
Case #166: 8 15 5 5 5 3 3 3 2 
Case #167: 6 12 8 6 5 5 5 
Case #168: -1 
Case #169: 6 16 7 6 5 4 3 
Case #170: 5 12 9 7 7 6 
Case #171: 8 12 5 5 4 4 4 4 3 
Case #172: 6 14 9 7 4 4 3 
Case #173: 6 15 6 6 6 4 4 
Case #174: 4 20 9 8 4 
Case #175: 7 10 10 5 5 4 4 3 
Case #176: 6 9 8 8 6 6 4 
Case #177: 7 9 9 6 5 5 4 3 
Case #178: 6 9 9 9 8 3 3 
Case #179: 5 16 8 6 6 5 
Case #180: -1 
Case #181: 7 10 6 6 6 5 5 3 
Case #182: 5 37 1 1 1 1 
Case #183: -1 
Case #184: -1 
Case #185: 5 25 5 5 4 2 
Case #186: 4 18 11 9 3 
Case #187: -1 
Case #188: 7 10 9 7 6 3 3 3 
Case #189: 4 22 9 7 3 
Case #190: 8 10 6 5 5 5 4 4 2 
Case #191: 7 12 6 6 6 4 4 3 
Case #192: 25 13 5 1 1 1 1 1 1 1 1 1 1 1 1 1 1 1 1 1 1 1 1 1 1 1 
Case #193: 6 12 9 5 5 5 5 
Case #194: 7 11 9 5 4 4 4 4 
Case #195: 14 27 2 1 1 1 1 1 1 1 1 1 1 1 1 
Case #196: 4 22 10 6 3 
Case #197: 5 19 12 4 3 3 
Case #198: 5 23 9 4 4 1 
Case #199: 4 36 3 1 1 
Case #200: 5 15 13 6 4 3 
Case #201: 7 10 7 6 6 5 4 3 
Case #202: 8 10 5 5 5 5 5 3 3 
Case #203: 4 18 9 9 5 
Case #204: 6 12 9 6 6 5 3 
Case #205: 4 22 12 5 2 
Case #206: -1 
Case #207: 5 10 10 9 6 6 
Case #208: 6 12 8 7 5 5 4 
Case #209: 4 16 11 8 6 
Case #210: 5 16 10 6 5 4 
Case #211: 7 10 7 7 6 5 3 3 
Case #212: -1 
Case #213: 4 20 9 7 5 
Case #214: 5 16 9 7 5 4 
Case #215: 7 19 7 7 5 1 1 1 
Case #216: -1 
Case #217: 5 19 17 3 1 1 
Case #218: 7 13 9 5 4 4 3 3 
Case #219: 5 12 8 8 7 6 
Case #220: 4 18 10 8 5 
Case #221: 4 18 8 8 7 
Case #222: 6 16 13 5 5 1 1 
Case #223: -1 
Case #224: 7 12 7 5 5 4 4 4 
Case #225: 6 11 10 7 7 3 3 
Case #226: 4 11 10 10 10 
Case #227: 5 16 9 6 5 5 
Case #228: 6 9 9 9 6 4 4 
Case #229: 6 14 9 6 6 3 3 
Case #230: 7 7 6 6 6 6 5 5 
Case #231: 5 17 11 8 3 2 
Case #232: -1 
Case #233: 6 17 8 5 4 4 3 
Case #234: 7 14 5 5 5 4 4 4 
Case #235: 8 10 6 5 4 4 4 4 4 
Case #236: 5 12 10 7 6 6 
Case #237: -1 
Case #238: 5 15 11 6 6 3 
Case #239: 7 10 7 6 6 6 3 3 
Case #240: 3 24 11 6 
Case #241: 8 6 6 6 6 5 4 4 4 
Case #242: 7 13 10 4 4 4 3 3 
Case #243: 3 33 6 2 
Case #244: 4 21 8 8 4 
Case #245: -1 
Case #246: 8 10 7 6 4 4 4 3 3 
Case #247: 5 13 12 8 5 3 
Case #248: 25 17 1 1 1 1 1 1 1 1 1 1 1 1 1 1 1 1 1 1 1 1 1 1 1 1 
Case #249: 8 7 6 6 6 5 5 3 3 
Case #250: -1 
Case #251: 5 18 7 7 7 2 
Case #252: -1 
Case #253: 7 14 6 5 4 4 4 4 
Case #254: 5 16 11 8 4 2 
Case #255: 6 13 9 8 4 4 3 
Case #256: 7 9 7 7 5 5 4 4 
Case #257: 6 14 9 6 4 4 4 
Case #258: 8 8 7 7 5 5 4 3 2 
Case #259: 5 27 5 5 3 1 
Case #260: -1 
Case #261: 4 16 9 8 8 
Case #262: 7 9 7 7 6 4 4 4 
Case #263: 6 10 10 7 5 5 4 
Case #264: 15 26 2 1 1 1 1 1 1 1 1 1 1 1 1 1 
Case #265: -1 
Case #266: 6 12 8 7 6 4 4 
Case #267: 13 19 7 5 1 1 1 1 1 1 1 1 1 1 
Case #268: 6 12 6 6 6 6 5 
Case #269: 27 11 5 1 1 1 1 1 1 1 1 1 1 1 1 1 1 1 1 1 1 1 1 1 1 1 1 1 
Case #270: -1 
Case #271: -1 
Case #272: 6 13 10 7 5 3 3 
Case #273: 7 14 6 5 5 4 4 3 
Case #274: 5 22 9 6 3 1 
Case #275: -1 
Case #276: -1 
Case #277: 4 32 7 1 1 
Case #278: 6 32 5 1 1 1 1 
Case #279: -1 
Case #280: 8 9 6 6 5 5 4 3 3 
Case #281: 6 13 12 4 4 4 4 
Case #282: 9 30 4 1 1 1 1 1 1 1 
Case #283: 6 9 9 6 6 6 5 
Case #284: 5 24 8 4 4 1 
Case #285: 7 9 9 6 6 5 3 3 
Case #286: 7 9 7 6 6 6 4 3 
Case #287: 15 23 5 1 1 1 1 1 1 1 1 1 1 1 1 1 
Case #288: 6 15 11 5 5 3 2 
Case #289: 6 12 7 7 6 6 3 
Case #290: 6 9 7 7 6 6 6 
Case #291: 6 15 8 7 5 3 3 
Case #292: 11 31 1 1 1 1 1 1 1 1 1 1 
Case #293: 10 30 3 1 1 1 1 1 1 1 1 
Case #294: 8 6 6 6 5 5 5 5 3 
Case #295: 20 21 2 1 1 1 1 1 1 1 1 1 1 1 1 1 1 1 1 1 1 
Case #296: 5 21 10 7 2 1 
Case #297: -1 
Case #298: 5 14 13 7 4 3 
Case #299: 7 11 9 5 5 4 4 3 
Case #300: 5 12 11 9 6 3 
Case #301: 4 16 16 7 2 
Case #302: 6 21 7 5 3 3 2 
Case #303: 8 12 5 4 4 4 4 4 4 
Case #304: 3 25 14 2 
Case #305: -1 
Case #306: 4 20 13 5 3 
Case #307: 4 24 8 7 2 
Case #308: 4 15 14 11 1 
Case #309: 7 27 7 3 1 1 1 1 
Case #310: 5 13 12 6 5 5 
Case #311: 9 6 6 6 5 4 4 4 3 3 
Case #312: 25 15 3 1 1 1 1 1 1 1 1 1 1 1 1 1 1 1 1 1 1 1 1 1 1 1 
Case #313: 4 25 10 3 3 
Case #314: 5 13 10 6 6 6 
Case #315: 9 8 5 5 5 5 4 4 3 2 
Case #316: 16 22 5 1 1 1 1 1 1 1 1 1 1 1 1 1 1 
Case #317: 13 28 2 1 1 1 1 1 1 1 1 1 1 1 
Case #318: 5 17 10 6 4 4 
Case #319: -1 
Case #320: 6 11 8 7 7 5 3 
Case #321: -1 
Case #322: -1 
Case #323: 5 16 7 6 6 6 
Case #324: 4 27 6 4 4 
Case #325: 7 11 8 7 4 4 4 3 
Case #326: -1 
Case #327: 4 21 10 8 2 
Case #328: 3 18 14 9 
Case #329: 6 24 11 3 1 1 1 
Case #330: 7 12 7 6 6 4 3 3 
Case #331: 6 21 5 5 5 3 2 
Case #332: 5 27 5 3 3 3 
Case #333: -1 
Case #334: 6 12 11 7 5 3 3 
Case #335: 5 22 7 6 3 3 
Case #336: 5 18 9 5 5 4 
Case #337: 5 15 8 8 5 5 
Case #338: 5 15 11 6 5 4 
Case #339: 7 13 8 5 4 4 4 3 
Case #340: 5 11 10 9 6 5 
Case #341: 6 12 9 7 7 3 3 
Case #342: 8 10 6 5 5 4 4 4 3 
Case #343: 4 15 11 8 7 
Case #344: 6 11 9 6 6 5 4 
Case #345: 4 20 10 7 4 
Case #346: 8 9 6 5 5 4 4 4 4 
Case #347: -1 
Case #348: 7 12 7 7 4 4 4 3 
Case #349: 6 16 8 7 7 2 1 
Case #350: 3 20 14 7 
Case #351: 7 8 8 5 5 5 5 5 
Case #352: -1 
Case #353: 4 15 11 10 5 
Case #354: -1 
Case #355: 5 10 10 8 8 5 
Case #356: -1 
Case #357: 5 26 5 4 3 3 
Case #358: 19 22 2 1 1 1 1 1 1 1 1 1 1 1 1 1 1 1 1 1 
Case #359: 4 19 16 5 1 
Case #360: 6 8 8 8 8 8 1 
Case #361: 7 8 8 8 8 4 3 2 
Case #362: 5 13 8 8 6 6 
Case #363: 5 10 10 7 7 7 
Case #364: 4 16 11 10 4 
Case #365: 11 4 4 4 4 4 4 4 4 4 4 1 
Case #366: 6 17 10 5 3 3 3 
Case #367: 5 20 6 6 5 4 
Case #368: 4 17 16 7 1 
Case #369: 6 11 10 6 6 4 4 
Case #370: 6 16 16 5 2 1 1 
Case #371: 5 18 9 6 4 4 
Case #372: 6 20 8 4 4 4 1 
Case #373: 3 24 12 5 
Case #374: 3 18 18 5 
Case #375: 6 16 13 5 4 2 1 
Case #376: -1 
Case #377: 4 14 14 9 4 
Case #378: 3 15 14 12 
Case #379: -1 
Case #380: 6 18 5 5 5 5 3 
Case #381: 4 17 16 6 2 
Case #382: 4 25 8 5 3 
Case #383: 7 9 7 6 6 5 5 3 
Case #384: 4 26 6 5 4 
Case #385: 6 10 9 9 7 3 3 
Case #386: -1 
Case #387: 5 21 9 6 3 2 
Case #388: 21 19 3 1 1 1 1 1 1 1 1 1 1 1 1 1 1 1 1 1 1 1 
Case #389: 6 34 3 1 1 1 1 
Case #390: 16 26 1 1 1 1 1 1 1 1 1 1 1 1 1 1 1 
Case #391: -1 
Case #392: 5 21 8 4 4 4 
Case #393: -1 
Case #394: 5 18 11 4 4 4 
Case #395: 6 20 8 7 4 1 1 
Case #396: 8 10 6 6 5 5 3 3 3 
Case #397: -1 
Case #398: 5 14 8 8 6 5 
Case #399: -1 
Case #400: 5 15 9 6 6 5 
Case #401: 6 11 8 8 6 4 4 
Case #402: 5 22 6 5 5 3 
Case #403: 7 11 9 7 4 4 4 2 
Case #404: 41 1 1 1 1 1 1 1 1 1 1 1 1 1 1 1 1 1 1 1 1 1 1 1 1 1 1 1 1 1 1 1 1 1 1 1 1 1 1 1 1 1 
Case #405: -1 
Case #406: 4 15 10 9 7 
Case #407: 5 13 9 7 6 6 
Case #408: -1 
Case #409: 10 9 5 4 4 4 3 3 3 3 3 
Case #410: 8 10 7 6 6 3 3 3 3 
Case #411: 7 8 8 8 7 4 4 2 
Case #412: 7 12 7 7 5 4 3 3 
Case #413: 5 21 6 6 4 4 
Case #414: 6 10 9 6 6 5 5 
Case #415: -1 
Case #416: 4 18 9 8 6 
Case #417: 9 6 6 6 6 5 3 3 3 3 
Case #418: 4 19 16 3 3 
Case #419: 6 17 10 4 4 3 3 
Case #420: -1 
Case #421: 7 26 9 2 1 1 1 1 
Case #422: 5 12 8 8 8 5 
Case #423: 5 17 12 6 3 3 
Case #424: -1 
Case #425: 3 23 17 1 
Case #426: 5 23 8 5 3 2 
Case #427: 5 15 10 7 5 4 
Case #428: 4 24 9 4 4 
Case #429: 3 21 12 8 
Case #430: 5 17 9 6 6 3 
Case #431: 5 15 11 7 4 4 
Case #432: 8 8 8 5 5 5 4 4 2 
Case #433: 6 18 9 5 3 3 3 
Case #434: 6 12 10 6 5 4 4 
Case #435: -1 
Case #436: 6 15 7 6 6 4 3 
Case #437: 7 9 7 7 6 6 3 3 
Case #438: -1 
Case #439: -1 
Case #440: 8 9 6 6 6 5 3 3 3 
Case #441: 3 16 16 9 
Case #442: 7 9 6 6 6 6 4 4 
Case #443: 28 14 1 1 1 1 1 1 1 1 1 1 1 1 1 1 1 1 1 1 1 1 1 1 1 1 1 1 1 
Case #444: 6 17 8 7 4 3 2 
Case #445: -1 
Case #446: 5 15 8 7 6 5 
Case #447: 10 9 8 3 3 3 3 3 3 3 3 
Case #448: 5 15 10 6 5 5 
Case #449: 5 26 5 5 4 1 
Case #450: 5 28 9 2 1 1 
Case #451: 6 12 9 6 6 4 4 
Case #452: -1 
Case #453: -1 
Case #454: 4 16 11 7 7 
Case #455: 6 25 5 4 4 2 1 
Case #456: 6 11 10 10 7 2 1 
Case #457: 8 10 7 7 5 3 3 3 3 
Case #458: 6 13 9 6 6 4 3 
Case #459: 5 16 11 6 5 3 
Case #460: 6 14 13 5 4 4 1 
Case #461: 4 37 2 1 1 
Case #462: 9 9 6 5 4 4 4 3 3 3 
Case #463: 4 24 6 6 5 
Case #464: 8 9 6 6 4 4 4 4 4 
Case #465: 6 13 8 7 5 5 3 
Case #466: 16 23 4 1 1 1 1 1 1 1 1 1 1 1 1 1 1 
Case #467: 5 14 13 6 5 3 
Case #468: 4 32 3 3 3 
Case #469: 6 9 8 8 8 4 4 
Case #470: 5 10 10 10 7 4 
Case #471: 3 21 10 10 
Case #472: 4 15 10 8 8 
Case #473: 6 11 8 8 7 5 2 
Case #474: 5 18 8 6 5 4 
Case #475: 6 15 6 6 5 5 4 
Case #476: 6 10 9 7 7 5 3 
Case #477: -1 
Case #478: 35 7 1 1 1 1 1 1 1 1 1 1 1 1 1 1 1 1 1 1 1 1 1 1 1 1 1 1 1 1 1 1 1 1 1 1 
Case #479: 3 18 12 11 
Case #480: -1 
Case #481: 7 9 9 6 6 4 4 3 
Case #482: 37 5 1 1 1 1 1 1 1 1 1 1 1 1 1 1 1 1 1 1 1 1 1 1 1 1 1 1 1 1 1 1 1 1 1 1 1 1 
Case #483: 5 15 14 5 5 2 
Case #484: 7 17 11 5 5 1 1 1 
Case #485: 3 37 3 1 
Case #486: 7 8 8 6 6 5 4 4 
Case #487: -1 
Case #488: -1 
Case #489: 3 38 2 1 
Case #490: -1 
Case #491: 5 18 8 8 4 3 
Case #492: 4 29 8 3 1 
Case #493: 6 13 12 6 4 3 3 
Case #494: -1 
Case #495: 5 13 8 8 7 5 
Case #496: -1 
Case #497: 4 24 9 7 1 
Case #498: 4 16 11 9 5 
Case #499: 6 10 7 6 6 6 6 
Case #500: 4 27 8 3 3 
Case #501: 5 11 11 8 8 3 
Case #502: 6 10 8 6 6 6 5 
Case #503: 8 9 9 8 3 3 3 3 3 
Case #504: -1 
Case #505: -1 
Case #506: 6 16 8 5 4 4 4 
Case #507: -1 
Case #508: 25 11 7 1 1 1 1 1 1 1 1 1 1 1 1 1 1 1 1 1 1 1 1 1 1 1 
Case #509: 7 10 7 7 7 4 3 3 
Case #510: 6 10 8 8 6 5 4 
Case #511: -1 
Case #512: 5 10 10 10 10 1 
Case #513: 4 19 8 8 6 
Case #514: 7 34 2 1 1 1 1 1 
Case #515: 6 11 9 8 7 3 3 
Case #516: 4 21 14 4 2 
Case #517: 13 13 11 7 1 1 1 1 1 1 1 1 1 1 
Case #518: 6 9 9 7 6 6 4 
Case #519: -1 
Case #520: 6 13 10 6 4 4 4 
Case #521: 5 16 13 6 3 3 
Case #522: -1 
Case #523: 9 32 2 1 1 1 1 1 1 1 
Case #524: -1 
Case #525: 7 10 7 7 6 4 4 3 
Case #526: 3 18 13 10 
Case #527: 5 14 14 5 4 4 
Case #528: 4 14 10 9 8 
Case #529: 6 16 8 5 5 4 3 
Case #530: 12 29 2 1 1 1 1 1 1 1 1 1 1 
Case #531: -1 
Case #532: 7 12 8 5 5 5 3 3 
Case #533: -1 
Case #534: -1 
Case #535: 5 16 9 7 7 2 
Case #536: 7 10 6 6 6 6 4 3 
Case #537: 5 12 10 9 5 5 
Case #538: 5 12 11 6 6 6 
Case #539: 7 11 9 6 6 3 3 3 
Case #540: 7 8 7 7 7 5 4 3 
Case #541: 8 9 7 6 6 4 3 3 3 
Case #542: 10 8 4 4 4 4 4 4 4 4 1 
Case #543: 3 18 17 6 
Case #544: 11 27 5 1 1 1 1 1 1 1 1 1 
Case #545: -1 
Case #546: 13 26 4 1 1 1 1 1 1 1 1 1 1 1 
Case #547: 13 27 3 1 1 1 1 1 1 1 1 1 1 1 
Case #548: 10 10 7 3 3 3 3 3 3 3 3 
Case #549: 8 11 8 5 4 4 4 3 2 
Case #550: 9 27 7 1 1 1 1 1 1 1 
Case #551: 29 7 7 1 1 1 1 1 1 1 1 1 1 1 1 1 1 1 1 1 1 1 1 1 1 1 1 1 1 1 
Case #552: 5 16 9 6 6 4 
Case #553: 5 11 9 9 6 6 
Case #554: 6 15 9 6 4 4 3 
Case #555: 23 17 3 1 1 1 1 1 1 1 1 1 1 1 1 1 1 1 1 1 1 1 1 1 
Case #556: 11 30 2 1 1 1 1 1 1 1 1 1 
Case #557: 4 25 6 6 4 
Case #558: 7 7 7 6 6 6 5 4 
Case #559: -1 
Case #560: 4 24 9 5 3 
Case #561: 4 19 12 7 3 
Case #562: 6 35 2 1 1 1 1 
Case #563: 9 8 8 4 4 4 4 4 3 2 
Case #564: -1 
Case #565: 3 24 9 8 
Case #566: -1 
Case #567: 4 27 7 5 2 
Case #568: 18 24 1 1 1 1 1 1 1 1 1 1 1 1 1 1 1 1 1 
Case #569: 4 17 13 8 3 
Case #570: 8 10 7 5 4 4 4 4 3 
Case #571: 6 13 8 8 5 5 2 
Case #572: 9 6 6 6 5 5 4 3 3 3 
Case #573: 7 8 7 7 7 7 3 2 
Case #574: 31 11 1 1 1 1 1 1 1 1 1 1 1 1 1 1 1 1 1 1 1 1 1 1 1 1 1 1 1 1 1 1 
Case #575: 5 22 8 7 3 1 
Case #576: 6 10 8 7 6 5 5 
Case #577: 4 16 10 10 5 
Case #578: 4 20 16 3 2 
Case #579: 2 36 5 
Case #580: 10 10 5 5 3 3 3 3 3 3 3 
Case #581: 7 8 6 6 6 6 5 4 
Case #582: 4 38 1 1 1 
Case #583: 6 12 9 9 5 3 3 
Case #584: 6 11 8 6 6 6 4 
Case #585: 5 10 9 8 7 7 
Case #586: 4 15 12 11 3 
Case #587: 6 13 12 5 5 3 3 
Case #588: 6 12 11 8 4 3 3 
Case #589: 4 27 6 5 3 
Case #590: 5 11 8 8 8 6 
Case #591: 11 28 4 1 1 1 1 1 1 1 1 1 
Case #592: -1 
Case #593: -1 
Case #594: 10 32 1 1 1 1 1 1 1 1 1 
Case #595: 4 21 12 6 2 
Case #596: 6 16 7 7 7 3 1 
Case #597: 34 8 1 1 1 1 1 1 1 1 1 1 1 1 1 1 1 1 1 1 1 1 1 1 1 1 1 1 1 1 1 1 1 1 1 
Case #598: 7 11 8 7 5 5 3 2 
Case #599: 6 12 7 7 7 5 3 
Case #600: 6 11 7 6 6 6 5 
Case #601: 6 16 6 5 5 5 4 
Case #602: 6 13 10 9 3 3 3 
Case #603: 6 16 6 6 5 4 4 
Case #604: 8 8 7 7 4 4 4 4 3 
Case #605: -1 
Case #606: 3 32 7 2 
Case #607: 32 10 1 1 1 1 1 1 1 1 1 1 1 1 1 1 1 1 1 1 1 1 1 1 1 1 1 1 1 1 1 1 1 
Case #608: 5 11 10 8 6 6 
Case #609: -1 
Case #610: -1 
Case #611: -1 
Case #612: -1 
Case #613: 5 19 12 5 4 1 
Case #614: 7 7 6 6 6 6 6 4 
Case #615: 9 9 5 4 4 4 4 4 4 3 
Case #616: 6 12 7 6 6 5 5 
Case #617: 4 21 11 5 4 
Case #618: 9 9 7 5 4 4 3 3 3 3 
Case #619: 6 13 6 6 6 5 5 
Case #620: 6 11 8 8 7 4 3 
Case #621: 4 18 13 7 3 
Case #622: 8 6 6 6 6 6 4 4 3 
Case #623: -1 
Case #624: -1 
Case #625: 6 11 9 9 4 4 4 
Case #626: 5 36 2 1 1 1 
Case #627: 7 9 8 7 7 4 3 3 
Case #628: 9 9 5 5 4 4 4 4 3 3 
Case #629: 4 20 8 7 6 
Case #630: 9 9 9 4 4 3 3 3 3 3 
Case #631: 5 14 9 6 6 6 
Case #632: 9 31 3 1 1 1 1 1 1 1 
Case #633: -1 
Case #634: 6 15 6 6 6 5 3 
Case #635: 4 15 12 9 5 
Case #636: 7 15 5 5 4 4 4 4 
Case #637: 5 10 9 9 7 6 
Case #638: 8 12 6 4 4 4 4 4 3 
Case #639: -1 
Case #640: 7 12 6 5 5 5 4 4 
Case #641: -1 
Case #642: 5 15 10 7 7 2 
Case #643: -1 
Case #644: -1 
Case #645: 5 16 8 7 7 3 
Case #646: 5 17 12 5 4 3 
Case #647: 4 22 9 6 4 
Case #648: -1 
Case #649: 16 25 2 1 1 1 1 1 1 1 1 1 1 1 1 1 1 
Case #650: 7 13 10 6 3 3 3 3 
Case #651: 8 9 6 5 5 5 4 4 3 
Case #652: 7 12 7 6 4 4 4 4 
Case #653: 7 13 8 5 5 5 3 2 
Case #654: 5 15 10 10 5 1 
Case #655: 17 22 4 1 1 1 1 1 1 1 1 1 1 1 1 1 1 1 
Case #656: 5 17 10 9 3 2 
Case #657: -1 
Case #658: -1 
Case #659: 3 32 6 3 
Case #660: 8 9 5 5 5 5 4 4 4 
Case #661: 5 18 9 9 3 2 
Case #662: 5 16 9 8 4 4 
Case #663: 8 9 9 4 4 4 4 4 3 
Case #664: 6 9 9 9 6 5 3 
Case #665: -1 
Case #666: 17 24 2 1 1 1 1 1 1 1 1 1 1 1 1 1 1 1 
Case #667: -1 
Case #668: 8 10 7 5 5 5 3 3 3 
Case #669: -1 
Case #670: 7 8 8 8 5 4 4 4 
Case #671: 7 12 8 5 4 4 4 4 
Case #672: -1 
Case #673: 6 10 9 7 5 5 5 
Case #674: -1 
Case #675: 6 8 8 8 7 5 5 
Case #676: 4 21 10 6 4 
Case #677: -1 
Case #678: 6 19 16 3 1 1 1 
Case #679: -1 
Case #680: -1 
Case #681: 7 9 7 6 6 5 4 4 
Case #682: 5 35 3 1 1 1 
Case #683: 11 29 3 1 1 1 1 1 1 1 1 1 
Case #684: 8 6 6 6 5 5 5 4 4 
Case #685: 4 14 12 10 5 
Case #686: 5 12 9 9 8 3 
Case #687: 6 12 11 5 5 5 3 
Case #688: 4 24 7 5 5 
Case #689: 6 13 8 8 7 3 2 
Case #690: 7 11 10 5 5 4 3 3 
Case #691: 4 14 12 8 7 
Case #692: 2 39 2 
Case #693: 4 22 12 4 3 
Case #694: 21 13 9 1 1 1 1 1 1 1 1 1 1 1 1 1 1 1 1 1 1 1 
Case #695: 6 18 9 5 5 3 1 
Case #696: 6 11 8 6 6 5 5 
Case #697: 7 9 6 6 6 5 5 4 
Case #698: 6 13 12 5 4 4 3 
Case #699: -1 
Case #700: 6 12 8 8 5 4 4 
Case #701: 5 13 12 7 5 4 
Case #702: -1 
Case #703: 9 8 5 4 4 4 4 4 4 4 
Case #704: -1 
Case #705: -1 
Case #706: 7 8 7 6 6 6 4 4 
Case #707: 8 17 16 3 1 1 1 1 1 
Case #708: 5 16 8 8 5 4 
Case #709: -1 
Case #710: 6 13 11 10 3 3 1 
Case #711: 7 16 8 4 4 4 3 2 
Case #712: 6 9 8 6 6 6 6 
Case #713: 7 8 8 7 5 5 4 4 
Case #714: 5 25 7 3 3 3 
Case #715: 14 28 1 1 1 1 1 1 1 1 1 1 1 1 1 
Case #716: -1 
Case #717: 3 25 8 8 
Case #718: 6 16 12 4 4 4 1 
Case #719: 4 14 14 11 2 
Case #720: 8 8 5 5 5 5 5 5 3 
Case #721: 9 9 6 6 5 3 3 3 3 3 
Case #722: -1 
Case #723: 6 12 9 6 5 5 4 
Case #724: 7 9 9 9 5 3 3 3 
Case #725: 26 16 1 1 1 1 1 1 1 1 1 1 1 1 1 1 1 1 1 1 1 1 1 1 1 1 1 
Case #726: 4 32 4 3 2 
Case #727: 4 24 7 6 4 
Case #728: 9 33 1 1 1 1 1 1 1 1 
Case #729: 38 4 1 1 1 1 1 1 1 1 1 1 1 1 1 1 1 1 1 1 1 1 1 1 1 1 1 1 1 1 1 1 1 1 1 1 1 1 1 
Case #730: 6 14 7 7 5 4 4 
Case #731: -1 
Case #732: -1 
Case #733: 6 15 7 6 5 4 4 
Case #734: 7 33 3 1 1 1 1 1 
Case #735: 5 17 16 3 3 2 
Case #736: 5 18 7 7 5 4 
Case #737: 3 24 10 7 
Case #738: 3 19 16 6 
Case #739: 7 11 10 6 4 4 3 3 
Case #740: 6 14 6 6 5 5 5 
Case #741: 6 17 11 8 3 1 1 
Case #742: -1 
Case #743: 6 14 7 7 6 4 3 
Case #744: 13 21 7 3 1 1 1 1 1 1 1 1 1 1 
Case #745: 7 12 5 5 5 5 5 4 
Case #746: 4 14 12 11 4 
Case #747: -1 
Case #748: 7 11 8 5 5 5 4 3 
Case #749: -1 
Case #750: 4 15 10 10 6 
Case #751: 21 17 5 1 1 1 1 1 1 1 1 1 1 1 1 1 1 1 1 1 1 1 
Case #752: -1 
Case #753: 8 18 9 3 3 3 3 1 1 
Case #754: 5 17 16 6 1 1 
Case #755: 4 18 13 6 4 
Case #756: 6 19 10 5 3 3 1 
Case #757: 6 12 11 5 5 4 4 
Case #758: 5 32 6 1 1 1 
Case #759: 2 32 9 
Case #760: 5 20 7 6 4 4 
Case #761: 7 9 8 8 4 4 4 4 
Case #762: -1 
Case #763: -1 
Case #764: 5 14 9 8 7 3 
Case #765: 6 14 6 6 6 5 4 
Case #766: 4 20 12 5 4 
Case #767: 4 20 9 6 6 
Case #768: 7 9 6 6 6 6 5 3 
Case #769: 8 9 7 5 5 4 4 4 3 
Case #770: 7 9 9 7 4 4 4 4 
Case #771: 3 27 7 7 
Case #772: 6 15 8 5 5 5 3 
Case #773: 36 6 1 1 1 1 1 1 1 1 1 1 1 1 1 1 1 1 1 1 1 1 1 1 1 1 1 1 1 1 1 1 1 1 1 1 1 
Case #774: 6 14 8 6 5 4 4 
Case #775: 8 11 10 5 3 3 3 3 3 
Case #776: 3 19 17 5 
Case #777: 9 10 7 6 3 3 3 3 3 3 
Case #778: 4 16 11 11 3 
Case #779: 6 11 11 9 4 4 2 
Case #780: 6 13 9 6 5 4 4 
Case #781: 4 12 10 10 9 
Case #782: 7 8 7 6 6 5 5 4 
Case #783: 5 25 5 5 3 3 
Case #784: 5 18 6 6 6 5 
Case #785: 4 30 7 3 1 
Case #786: 3 22 16 3 
Case #787: -1 
Case #788: 4 24 7 7 3 
Case #789: 8 9 9 6 4 4 3 3 3 
Case #790: 4 18 12 8 3 
Case #791: -1 
Case #792: 5 21 6 6 5 3 
Case #793: 5 18 10 5 5 3 
Case #794: 27 15 1 1 1 1 1 1 1 1 1 1 1 1 1 1 1 1 1 1 1 1 1 1 1 1 1 1 
Case #795: -1 
Case #796: 5 27 7 3 3 1 
Case #797: 7 10 7 6 5 5 4 4 
Case #798: -1 
Case #799: 7 11 10 6 5 3 3 3 
Case #800: 6 12 7 6 6 6 4 
Case #801: 3 32 5 4 
Case #802: 4 12 12 9 8 
Case #803: 8 8 6 6 5 4 4 4 4 
Case #804: 5 19 10 6 3 3 
Case #805: 7 13 8 7 4 4 3 2 
Case #806: -1 
Case #807: 8 9 6 6 5 4 4 4 3 
Case #808: 5 19 9 5 4 4 
Case #809: 19 23 1 1 1 1 1 1 1 1 1 1 1 1 1 1 1 1 1 1 
Case #810: -1 
Case #811: 15 25 3 1 1 1 1 1 1 1 1 1 1 1 1 1 
Case #812: 4 12 11 10 8 
Case #813: 5 14 9 7 7 4 
Case #814: 6 13 10 6 6 3 3 
Case #815: 4 20 8 8 5 
Case #816: 9 10 4 4 4 4 4 4 4 3 
Case #817: 7 11 10 6 4 4 4 2 
Case #818: 9 8 7 5 4 4 4 4 3 2 
Case #819: 5 19 19 1 1 1 
Case #820: 4 16 12 8 5 
Case #821: -1 
Case #822: 6 36 1 1 1 1 1 
Case #823: 6 8 8 8 8 7 2 
Case #824: -1 
Case #825: 5 15 9 7 6 4 
Case #826: 7 12 8 5 5 4 4 3 
Case #827: -1 
Case #828: 8 8 7 7 7 7 3 1 1 
Case #829: 7 9 6 6 5 5 5 5 
Case #830: 5 15 8 6 6 6 
Case #831: 5 19 8 7 4 3 
Case #832: 4 25 11 4 1 
Case #833: 23 13 7 1 1 1 1 1 1 1 1 1 1 1 1 1 1 1 1 1 1 1 1 1 
Case #834: 6 26 5 3 3 3 1 
Case #835: -1 
Case #836: 4 18 11 6 6 
Case #837: -1 
Case #838: 5 13 10 10 7 1 
Case #839: -1 
Case #840: 6 8 8 7 7 6 5 
Case #841: 6 17 10 7 3 3 1 
Case #842: 6 19 17 2 1 1 1 
Case #843: 7 10 10 5 4 4 4 4 
Case #844: 6 10 8 7 6 6 4 
Case #845: 6 16 7 5 5 4 4 
Case #846: 5 20 8 5 4 4 
Case #847: 8 10 6 5 5 5 4 3 3 
Case #848: 5 13 12 6 6 4 
Case #849: 7 11 10 5 4 4 4 3 
Case #850: 6 16 6 6 6 4 3 
Case #851: 7 14 5 5 5 5 4 3 
Case #852: 6 11 6 6 6 6 6 
Case #853: -1 
Case #854: 4 27 10 3 1 
Case #855: 10 8 4 4 4 4 4 4 4 3 2 
Case #856: 5 22 15 2 1 1 
Case #857: 7 6 6 6 6 6 6 5 
Case #858: -1 
Case #859: -1 
Case #860: -1 
Case #861: 7 8 8 6 5 5 5 4 
Case #862: 3 28 9 4 
Case #863: -1 
Case #864: 3 20 15 6 
Case #865: 8 26 7 3 1 1 1 1 1 
Case #866: 7 8 8 7 7 5 4 2 
Case #867: 8 9 8 4 4 4 4 4 4 
Case #868: 5 10 10 8 7 6 
Case #869: 6 12 11 6 6 3 3 
Case #870: 6 16 7 5 5 5 3 
Case #871: 7 14 6 5 5 5 3 3 
Case #872: 5 9 9 9 9 5 
Case #873: 4 18 9 7 7 
Case #874: 4 25 10 4 2 
Case #875: 7 25 3 3 3 3 3 1 
Case #876: 5 15 7 7 6 6 
Case #877: 5 16 7 7 7 4 
Case #878: 9 8 5 5 4 4 4 4 4 3 
Case #879: -1 
Case #880: 5 12 11 9 5 4 
Case #881: 8 10 9 5 5 3 3 3 3 
Case #882: 6 11 10 6 6 5 3 
Case #883: 5 14 14 11 1 1 
Case #884: 5 15 11 7 6 2 
Case #885: 33 9 1 1 1 1 1 1 1 1 1 1 1 1 1 1 1 1 1 1 1 1 1 1 1 1 1 1 1 1 1 1 1 1 
Case #886: 3 17 13 11 
Case #887: -1 
Case #888: 8 13 10 5 5 3 3 1 1 
Case #889: 7 9 9 9 4 4 3 3 
Case #890: -1 
Case #891: 21 11 11 1 1 1 1 1 1 1 1 1 1 1 1 1 1 1 1 1 1 1 
Case #892: -1 
Case #893: 9 9 5 5 5 4 4 3 3 3 
Case #894: 7 11 6 6 6 5 4 3 
Case #895: 4 26 7 5 3 
Case #896: 4 24 10 4 3 
Case #897: 4 18 10 10 3 
Case #898: 6 11 11 8 7 3 1 
Case #899: 5 21 8 7 4 1 
Case #900: 8 9 7 5 4 4 4 4 4 
Case #901: 5 18 8 5 5 5 
Case #902: 5 12 9 8 6 6 
Case #903: 5 12 11 7 6 5 
Case #904: 6 22 9 7 1 1 1 
Case #905: 3 27 9 5 
Case #906: 5 17 9 8 4 3 
Case #907: 20 22 1 1 1 1 1 1 1 1 1 1 1 1 1 1 1 1 1 1 1 
Case #908: 6 14 7 6 5 5 4 
Case #909: 6 15 7 7 4 4 4 
Case #910: 6 12 11 6 4 4 4 
Case #911: -1 
Case #912: 5 10 10 9 7 5 
Case #913: -1 
Case #914: 4 16 10 9 6 
Case #915: 12 28 3 1 1 1 1 1 1 1 1 1 1 
Case #916: 8 10 7 5 5 4 4 3 3 
Case #917: 8 10 7 6 4 4 4 4 2 
Case #918: 3 22 12 7 
Case #919: 6 11 10 9 6 3 2 
Case #920: 5 17 16 5 2 1 
Case #921: 6 14 7 6 6 5 3 
Case #922: -1 
Case #923: 6 23 10 3 3 1 1 
Case #924: 7 12 9 4 4 4 4 4 
Case #925: 5 20 6 6 6 3 
Case #926: 4 15 15 6 5 
Case #927: 4 21 10 7 3 
Case #928: 19 17 7 1 1 1 1 1 1 1 1 1 1 1 1 1 1 1 1 1 
Case #929: 40 2 1 1 1 1 1 1 1 1 1 1 1 1 1 1 1 1 1 1 1 1 1 1 1 1 1 1 1 1 1 1 1 1 1 1 1 1 1 1 1 
Case #930: -1 
Case #931: 6 16 8 8 4 3 2 
Case #932: 6 11 10 9 5 3 3 
Case #933: -1 
Case #934: 7 12 6 6 5 5 4 3 
Case #935: 7 12 6 5 5 5 5 3 
Case #936: 19 19 5 1 1 1 1 1 1 1 1 1 1 1 1 1 1 1 1 1 
Case #937: 6 11 9 7 6 4 4 
Case #938: 17 25 1 1 1 1 1 1 1 1 1 1 1 1 1 1 1 1 
Case #939: 4 12 12 11 6 
Case #940: 4 18 11 7 5 
Case #941: -1 
Case #942: 5 14 13 9 4 1 
Case #943: 6 13 11 8 4 3 2 
Case #944: 6 8 8 8 6 6 5 
Case #945: 7 12 6 6 5 4 4 4 
Case #946: 3 20 11 10 
Case #947: -1 
Case #948: 7 8 8 8 8 4 4 1 
Case #949: -1 
Case #950: 6 9 9 7 6 5 5 
Case #951: 6 12 10 5 5 5 4 
Case #952: 6 14 11 5 4 4 3 
Case #953: 4 18 12 9 2 
Case #954: 6 12 11 6 5 4 3 
Case #955: 7 10 9 6 5 5 3 3 
Case #956: 15 27 1 1 1 1 1 1 1 1 1 1 1 1 1 1 
Case #957: -1 
Case #958: 5 12 12 11 3 3 
Case #959: 6 13 9 7 4 4 4 
Case #960: 9 9 4 4 4 4 4 4 4 4 
Case #961: -1 
Case #962: 8 9 7 6 5 4 4 3 3 
Case #963: 5 32 5 2 1 1 
Case #964: 5 16 16 4 3 2 
Case #965: 9 27 5 3 1 1 1 1 1 1 
Case #966: 5 20 11 5 3 2 
Case #967: 4 19 11 8 3 
Case #968: -1 
Case #969: 8 9 9 6 5 3 3 3 3 
Case #970: 4 20 10 6 5 
Case #971: 6 18 7 7 3 3 3 
Case #972: 23 19 1 1 1 1 1 1 1 1 1 1 1 1 1 1 1 1 1 1 1 1 1 1 
Case #973: 6 19 10 3 3 3 3 
Case #974: 8 8 8 5 4 4 4 4 4 
Case #975: 7 10 6 6 6 5 4 4 
Case #976: -1 
